[Variables]
nozzle_expansion_applied_offset = 0.061600000000729085
nozzle_expansion_coefficient = 0.05500000000065097

