[Variables]
nozzle_expansion_applied_offset = 0.055412500000655854
nozzle_expansion_coefficient = 0.05500000000065097

