[Variables]
nozzle_expansion_applied_offset = 0.05183750000061354
nozzle_expansion_coefficient = 0.05500000000065097

